10 10
397.772 -11.1644 43.9578 -9.56817 91.5321 -66.8601 53.2183 33.4485 71.453 14.2529 
-21.0966 292.498 7.00982 36.3089 -2.08913 68.3244 -35.2426 40.8346 2.26281 -43.3022 
85.581 -81.5965 370.423 10.0482 -6.59241 36.0212 -12.21 40.4645 82.4465 12.4374 
29.9832 11.2177 -45.5508 330.476 -43.8918 46.2375 1.67583 44.3797 29.7565 24.324 
-28.1526 7.72107 27.9546 31.3286 416.091 34.202 -75.4904 -16.318 68.1366 11.9133 
-57.7584 2.10738 -32.2424 -35.2329 40.5621 374.643 29.8285 52.7558 63.857 1.32575 
-69.9098 -24.4367 -54.9712 17.5102 42.6771 17.6956 356.956 -5.8612 19.7536 45.117 
-52.0716 -56.5147 26.3793 -64.4524 -42.6455 1.26581 4.09234 373.032 -68.073 36.8531 
-20.2486 -61.5522 46.5169 -117.002 -31.4126 61.8648 -154.871 -56.8134 615.381 -63.3126 
-1.73989 -41.4703 31.6544 42.127 -36.156 -14.9717 8.50876 99.1258 59.603 342.231 
